[H[2J
[5m[49m                                                  [m
[5m[49m                     [38;2;6;6;6;49m▄[38;2;0;0;0;49m▄[38;2;11;11;11;49m▄[38;2;4;4;5;49m▄[38;2;5;4;5;49m▄[38;2;8;8;8;49m▄[38;2;0;0;0;49m▄[38;2;9;9;9;49m▄[49m                     [m
[5m[49m               [38;2;14;15;15;49m▄[38;2;5;5;5;49m▄[38;2;0;0;0;49m▄[38;2;0;0;0;48;2;7;7;7m▄[38;2;0;0;0;48;2;4;4;4m▄[48;2;0;0;0m     [38;2;1;0;0;48;2;0;0;0m▄[48;2;0;0;0m    [38;2;0;0;0;48;2;6;6;6m▄[38;2;0;0;0;48;2;9;9;9m▄[38;2;1;1;1;49m▄[38;2;3;3;3;49m▄[38;2;28;28;28;49m▄[49m               [m
[5m[49m            [38;2;17;17;17;49m▄[38;2;4;4;4;49m▄[38;2;0;0;0;48;2;4;4;4m▄[48;2;0;0;0m  [38;2;1;0;0;48;2;0;0;0m▄[48;2;0;0;0m  [38;2;0;0;0;48;2;0;0;1m▄[48;2;0;0;0m   [38;2;0;1;1;48;2;0;0;0m▄[48;2;0;0;0m  [38;2;0;1;0;48;2;0;0;0m▄[48;2;0;0;0m    [38;2;1;0;0;48;2;0;0;0m▄[38;2;0;1;0;48;2;0;0;0m▄[48;2;0;0;0m [38;2;0;0;0;48;2;6;6;6m▄[38;2;0;0;0;49m▄[38;2;11;11;11;49m▄[49m            [m
[5m[49m          [38;2;0;0;0;49m▄[38;2;0;1;0;48;2;4;4;4m▄[38;2;0;0;0;48;2;3;3;3m▄[48;2;0;0;0m [38;2;0;1;1;48;2;0;0;0m▄▄[38;2;3;0;1;48;2;0;0;0m▄[38;2;10;18;4;48;2;0;1;0m▄[38;2;95;154;15;48;2;0;2;0m▄[38;2;139;227;7;48;2;5;1;0m▄[38;2;139;228;8;48;2;12;30;0m▄[38;2;140;226;12;48;2;141;210;26m▄[38;2;141;227;5;48;2;132;216;5m▄[38;2;140;227;10;48;2;138;226;19m▄[38;2;141;226;8;48;2;139;224;9m▄[38;2;140;227;8;48;2;138;223;8m▄[38;2;140;227;9;48;2;141;228;4m▄[38;2;140;226;12;48;2;135;219;15m▄[38;2;141;226;13;48;2;136;209;12m▄[38;2;140;226;11;48;2;6;30;0m▄[38;2;139;226;8;48;2;2;3;1m▄[38;2;96;154;12;48;2;0;1;14m▄[38;2;9;16;3;48;2;0;0;0m▄[38;2;0;3;1;48;2;0;0;1m▄[38;2;0;1;0;48;2;0;0;0m▄[48;2;0;0;0m   [38;2;3;3;3;48;2;13;13;13m▄[38;2;3;3;3;49m▄[49m          [m
[5m[49m         [38;2;0;0;0;48;2;8;8;8m▄[38;2;0;0;0;48;2;1;1;1m▄[48;2;0;0;0m   [38;2;2;2;7;48;2;0;0;3m▄[38;2;122;197;13;48;2;8;5;13m▄[38;2;140;227;9;48;2;110;154;29m▄[38;2;140;227;9;48;2;135;229;8m▄[38;2;140;227;9;48;2;139;226;13m▄[38;2;140;227;9;48;2;141;227;9m▄[48;2;140;227;9m            [38;2;140;227;9;48;2;138;225;19m▄[38;2;140;227;8;48;2;98;146;25m▄[38;2;119;195;12;48;2;3;0;4m▄[48;2;0;0;0m     [38;2;0;0;0;48;2;4;4;4m▄[49m         [m
[5m[49m       [38;2;15;15;15;49m▄[38;2;0;0;0;48;2;3;3;3m▄[48;2;0;0;0m     [38;2;0;0;2;48;2;0;1;3m▄[38;2;13;14;6;48;2;134;197;34m▄[38;2;136;228;9;48;2;140;227;9m▄[38;2;139;227;8;48;2;140;227;9m▄[48;2;140;227;9m      [38;2;140;227;9;48;2;140;226;9m▄[48;2;140;227;9m  [38;2;140;227;8;48;2;140;227;9m▄[48;2;140;227;9m     [38;2;140;225;12;48;2;140;227;9m▄[38;2;10;13;3;48;2;132;200;32m▄[48;2;0;0;0m     [38;2;1;0;0;48;2;0;0;0m▄[38;2;0;0;0;48;2;4;4;5m▄[38;2;12;12;12;49m▄[49m       [m
[5m[49m      [38;2;19;19;19;49m▄[48;2;0;0;0m    [38;2;0;0;0;48;2;0;0;1m▄[48;2;0;0;0m   [38;2;0;0;1;48;2;0;0;0m▄[38;2;0;1;1;48;2;84;118;23m▄[38;2;136;213;22;48;2;146;223;8m▄[48;2;140;227;9m     [38;2;140;227;9;48;2;140;226;9m▄[48;2;140;227;9m   [38;2;140;227;9;48;2;141;227;9m▄[48;2;140;227;9m  [38;2;141;227;9;48;2;140;227;9m▄[48;2;140;227;9m [38;2;136;214;20;48;2;143;224;14m▄[38;2;2;2;1;48;2;81;112;30m▄[48;2;0;0;0m  [38;2;0;0;1;48;2;0;0;0m▄[48;2;0;0;0m     [38;2;0;0;0;48;2;1;1;1m▄[38;2;24;24;24;49m▄[49m      [m
[5m[49m     [38;2;36;36;36;49m▄[38;2;1;1;1;48;2;3;3;3m▄[48;2;0;0;0m  [38;2;0;0;0;48;2;1;0;0m▄[48;2;0;0;0m   [38;2;1;1;0;48;2;0;0;0m▄[48;2;0;0;0m  [38;2;0;0;0;48;2;0;0;1m▄[38;2;0;1;2;48;2;14;23;4m▄[38;2;93;138;24;48;2;140;227;10m▄[38;2;141;227;5;48;2;140;227;9m▄[38;2;139;227;13;48;2;140;227;9m▄[38;2;140;227;9;48;2;140;226;9m▄[48;2;140;227;9m        [38;2;144;226;10;48;2;139;228;8m▄[38;2;93;135;23;48;2;137;230;4m▄[38;2;1;0;2;48;2;17;25;6m▄[38;2;1;0;1;48;2;0;0;2m▄[48;2;0;0;0m   [38;2;0;0;0;48;2;0;0;1m▄[38;2;1;0;0;48;2;0;0;0m▄[48;2;0;0;0m   [38;2;0;0;0;48;2;1;0;0m▄[38;2;0;0;0;48;2;7;7;7m▄[38;2;45;45;45;49m▄[49m     [m
[5m[49m     [38;2;18;18;18;48;2;4;4;4m▄[38;2;0;0;0;48;2;0;1;0m▄[48;2;0;0;0m     [38;2;0;0;0;48;2;1;0;0m▄[48;2;0;0;0m    [38;2;0;0;0;48;2;1;0;1m▄[38;2;0;0;0;48;2;1;3;4m▄[38;2;36;57;11;48;2;139;225;9m▄[38;2;141;226;12;48;2;141;226;9m▄[38;2;141;226;9;48;2;140;227;8m▄[48;2;140;227;9m  [38;2;140;227;8;48;2;140;227;9m▄[48;2;140;227;9m    [38;2;136;228;8;48;2;140;227;9m▄[38;2;37;56;9;48;2;136;227;10m▄[38;2;0;0;2;48;2;3;0;1m▄[38;2;0;0;0;48;2;0;0;1m▄[48;2;0;0;0m   [38;2;0;0;1;48;2;0;0;0m▄[48;2;0;0;0m       [38;2;24;24;24;48;2;4;4;4m▄[49m     [m
[5m[49m     [38;2;0;0;1;48;2;2;2;2m▄[48;2;0;0;0m  [38;2;0;1;0;48;2;0;0;0m▄[48;2;0;0;0m          [38;2;1;1;1;48;2;1;2;0m▄[38;2;12;18;5;48;2;128;198;20m▄[38;2;136;229;6;48;2;140;227;10m▄[48;2;140;227;9m      [38;2;139;226;8;48;2;140;227;9m▄[38;2;11;19;4;48;2;124;194;16m▄[38;2;0;1;1;48;2;2;1;2m▄[48;2;0;0;0m [38;2;0;1;0;48;2;0;0;0m▄[48;2;0;0;0m  [38;2;0;0;1;48;2;0;0;0m▄[48;2;0;0;0m [38;2;0;0;1;48;2;0;0;0m▄[48;2;0;0;0m      [38;2;0;0;0;48;2;0;1;1m▄[49m     [m
[5m[49m     [48;2;0;0;0m  [38;2;0;0;1;48;2;0;0;0m▄[48;2;0;0;0m   [38;2;1;0;0;48;2;0;0;0m▄[38;2;0;0;0;48;2;0;1;0m▄[48;2;0;0;0m   [38;2;0;1;0;48;2;0;0;0m▄[48;2;0;0;0m    [38;2;126;205;12;48;2;122;170;27m▄[38;2;140;227;8;48;2;140;227;10m▄[48;2;140;227;9m    [38;2;139;228;7;48;2;140;227;12m▄[38;2;128;202;14;48;2;119;171;36m▄[38;2;2;0;10;48;2;0;0;3m▄[38;2;0;0;0;48;2;1;0;0m▄[48;2;0;0;0m              [49m     [m
[5m[49m     [48;2;1;1;1m [48;2;0;0;0m    [38;2;0;0;0;48;2;0;0;1m▄[48;2;0;0;0m    [38;2;0;1;0;48;2;0;0;0m▄[38;2;0;0;0;48;2;0;0;1m▄[38;2;0;0;0;48;2;1;0;1m▄[48;2;0;0;0m [38;2;1;2;1;48;2;1;1;2m▄[38;2;137;219;15;48;2;32;57;10m▄[38;2;140;227;9;48;2;141;226;9m▄[48;2;140;227;9m  [38;2;141;227;9;48;2;140;227;9m▄[48;2;140;227;9m    [38;2;133;219;10;48;2;32;54;10m▄[38;2;0;2;1;48;2;0;0;0m▄[38;2;0;1;5;48;2;0;0;0m▄[48;2;0;0;0m [38;2;1;0;0;48;2;0;1;0m▄[48;2;0;0;0m         [38;2;0;0;1;48;2;0;0;0m▄[38;2;1;1;1;48;2;0;0;0m▄[49m     [m
[5m[49m     [38;2;4;4;4;48;2;13;13;13m▄[48;2;0;0;0m       [38;2;1;0;0;48;2;0;0;0m▄[48;2;0;0;0m    [38;2;3;3;9;48;2;0;0;0m▄[38;2;140;227;10;48;2;64;100;10m▄[38;2;140;227;9;48;2;140;227;13m▄[48;2;140;227;9m [38;2;141;227;9;48;2;140;227;9m▄[48;2;140;227;9m      [38;2;140;227;9;48;2;139;227;9m▄[38;2;137;225;12;48;2;63;100;14m▄[38;2;5;5;4;48;2;1;1;2m▄[48;2;0;0;0m        [38;2;0;1;0;48;2;0;0;0m▄[48;2;0;0;0m   [38;2;4;4;4;48;2;20;20;20m▄[49m     [m
[5m[49m      [48;2;1;1;1m [38;2;0;0;0;48;2;0;0;1m▄[48;2;0;0;0m [38;2;0;0;0;48;2;1;1;0m▄[48;2;0;0;0m [38;2;1;0;0;48;2;0;0;0m▄[48;2;0;0;0m    [38;2;0;2;0;48;2;0;1;1m▄[38;2;33;53;7;48;2;1;0;2m▄[38;2;139;229;8;48;2;117;187;11m▄[38;2;140;227;9;48;2;141;227;9m▄[48;2;140;227;9m   [38;2;141;227;9;48;2;140;227;9m▄[48;2;140;227;9m      [38;2;141;226;10;48;2;140;227;10m▄[38;2;141;227;6;48;2;116;187;14m▄[38;2;33;53;10;48;2;0;0;3m▄[38;2;0;2;1;48;2;0;0;1m▄[48;2;0;0;0m    [38;2;0;0;0;48;2;1;0;0m▄[38;2;0;0;0;48;2;0;0;1m▄[48;2;0;0;0m   [48;2;1;1;1m [49m      [m
[5m[49m      [49;38;2;49;49;49m▀[38;2;3;3;3;48;2;0;0;0m▄[48;2;0;0;0m      [38;2;0;0;0;48;2;1;0;0m▄[48;2;0;0;0m [38;2;104;164;13;48;2;5;2;2m▄[38;2;139;227;11;48;2;141;227;15m▄[38;2;140;227;8;48;2;141;226;13m▄[48;2;140;227;9m            [38;2;140;227;9;48;2;140;226;10m▄[38;2;138;227;13;48;2;142;225;12m▄[38;2;103;161;15;48;2;3;2;5m▄[38;2;2;1;4;48;2;0;0;2m▄[48;2;0;0;0m  [38;2;0;0;0;48;2;1;0;0m▄[48;2;0;0;0m  [38;2;0;0;0;48;2;1;0;0m▄[48;2;0;0;0m [38;2;1;1;1;48;2;0;0;0m▄[49;38;2;45;45;45m▀[49m      [m
[5m[49m       [49;38;2;7;7;6m▀[38;2;3;3;3;48;2;0;0;0m▄[48;2;0;0;0m  [38;2;0;0;0;48;2;0;1;0m▄[48;2;0;0;0m  [38;2;3;1;2;48;2;0;1;1m▄[38;2;145;220;21;48;2;20;34;6m▄[38;2;139;227;9;48;2;139;225;8m▄[38;2;140;226;10;48;2;140;227;10m▄[48;2;140;227;9m         [38;2;140;227;9;48;2;140;226;8m▄[48;2;140;227;9m     [38;2;140;227;9;48;2;140;226;10m▄[38;2;148;225;17;48;2;19;32;3m▄[48;2;0;0;0m  [38;2;0;1;0;48;2;0;0;0m▄[48;2;0;0;0m  [38;2;0;0;0;48;2;0;0;1m▄[48;2;1;1;1m [49;38;2;7;7;7m▀[49m       [m
[5m[49m         [49;38;2;4;4;4m▀[38;2;1;1;1;48;2;0;0;0m▄[48;2;0;0;0m   [38;2;0;0;0;48;2;3;3;2m▄[38;2;0;0;0;48;2;88;134;22m▄[38;2;1;11;2;48;2;141;225;10m▄[38;2;141;223;13;48;2;140;227;8m▄[38;2;140;226;14;48;2;140;227;9m▄[48;2;140;227;9m     [38;2;140;226;9;48;2;140;227;9m▄[48;2;140;227;9m [38;2;141;227;9;48;2;140;227;8m▄[48;2;140;227;9m  [38;2;141;227;9;48;2;140;227;9m▄[38;2;142;224;15;48;2;140;227;9m▄[38;2;141;227;9;48;2;140;227;9m▄[38;2;139;225;16;48;2;140;227;9m▄[38;2;2;11;1;48;2;139;227;9m▄[38;2;0;0;0;48;2;88;137;22m▄[38;2;1;0;0;48;2;0;0;0m▄[48;2;0;0;0m [38;2;0;0;0;48;2;0;0;1m▄[48;2;0;0;0m [38;2;5;4;5;48;2;0;0;0m▄[49;38;2;1;1;1m▀[49m         [m
[5m[49m          [49;38;2;24;24;24m▀[49;38;2;0;0;0m▀[48;2;0;0;0m [38;2;0;0;0;48;2;0;0;1m▄[48;2;0;0;0m  [38;2;0;0;0;48;2;2;1;4m▄[38;2;0;0;0;48;2;1;0;4m▄[38;2;0;0;0;48;2;55;82;10m▄[38;2;2;0;0;48;2;137;221;10m▄[38;2;3;1;10;48;2;140;227;10m▄[38;2;15;37;0;48;2;140;227;9m▄[38;2;139;205;25;48;2;140;227;9m▄[38;2;132;211;15;48;2;140;227;9m▄[38;2;126;215;5;48;2;138;227;10m▄[38;2;126;215;5;48;2;140;227;9m▄[38;2;129;211;14;48;2;140;227;9m▄[38;2;138;199;36;48;2;140;227;9m▄[38;2;14;39;1;48;2;140;227;9m▄[38;2;1;1;3;48;2;140;227;9m▄[38;2;1;1;0;48;2;139;221;13m▄[38;2;0;0;2;48;2;56;83;14m▄[38;2;0;0;0;48;2;2;2;4m▄[38;2;0;0;0;48;2;2;1;0m▄[48;2;0;0;0m   [38;2;1;1;1;48;2;0;0;0m▄[38;2;91;91;91;48;2;2;2;2m▄[49;38;2;21;21;21m▀[49m          [m
[5m[49m             [49;38;2;12;12;12m▀[38;2;42;42;42;48;2;0;0;0m▄[38;2;1;1;1;48;2;0;0;0m▄[38;2;1;0;0;48;2;0;0;0m▄[48;2;0;0;0m [38;2;0;0;0;48;2;0;0;1m▄[38;2;0;0;0;48;2;0;1;0m▄[48;2;0;0;0m [38;2;0;0;0;48;2;0;0;3m▄[38;2;0;0;0;48;2;1;1;0m▄[38;2;0;0;0;48;2;1;0;1m▄[38;2;0;0;0;48;2;0;1;0m▄[38;2;0;1;0;48;2;0;0;1m▄[38;2;0;0;0;48;2;0;2;0m▄[38;2;0;0;0;48;2;1;1;1m▄[48;2;0;0;0m [38;2;0;0;0;48;2;0;0;1m▄▄[48;2;0;0;0m   [38;2;1;1;1;48;2;0;0;0m▄[38;2;34;34;34;48;2;0;0;0m▄[49;38;2;13;13;13m▀[49m             [m
[5m[49m                [49;38;2;8;8;8m▀[49;38;2;0;0;0m▀▀[48;2;0;0;0m [38;2;2;2;2;48;2;0;0;0m▄[48;2;0;0;0m        [38;2;2;2;2;48;2;0;0;0m▄[38;2;1;1;1;48;2;0;0;0m▄[49;38;2;0;0;0m▀▀[49;38;2;5;5;5m▀[49m                [m
[5m[49m                      [5m[49;38;2;35;35;35m▀[49;38;2;12;12;12m▀[49;38;2;0;0;1m▀[49;38;2;0;0;0m▀[49;38;2;12;12;12m▀[49;38;2;35;35;35m▀[49m                      [m
[5m[49m                                                  [m
[s 7
[09;70f[1;38;5;82mSYSWRAITH
[10;65f[3;38;5;82mbash python javascript[23m
[11;62f[4;38;5;82mhttps://github.com/syswraith[24m
[12;70f[1;38;5;82m
[13;68f[1;38;5;82mMen are here!
[14;63f[1;38;5;82mWe make fire! Cook meat!
[15;61f[1;38;5;82mThen put out fire by peeing,
[16;65f[1;38;5;82mno get invited back!
[u 8	
